pid:
  Kp: 0.704000
  Ki: 0.810000
  Kd: 0.010422
  Hist_Cap: 10
