pid:
  Kp: 30.315000
  Ki: 0.810000
  Kd: 0.100422
  Hist_Cap: 10
